
4867 32 32 16                   16 16 16

4867 32 32 16                   16 16 16

4867 32 32 16                   16 16 16

4867 32 32 16                   16 16 16

4867 32 32 16                   16 16 16

4866 32 32 16                   16 16 16

4866 32 32 16                   16 16 16

4866 32 32 16                   16 16 16

4866 32 32 16                   16 16 16

4866 32 32 16                   16 16 16

4865 32 32 16                   16 16 16

4865 32 32 16                   16 16 16

4865 32 32 16                   16 16 16

4865 32 32 16                   16 16 16

4865 32 32 16                   16 16 16
