
32 604800 2638858197 66 4096 32 4867

32 604800 1085716614 66 4096 32 4867

32 604800 2872195131 66 4096 32 4867

32 604800 1307741461 66 4096 32 4867

32 604800 3494250745 66 4096 32 4867

48 604800 4246260430 82 4096 48 4866

48 604800 2057972380 82 4096 48 4866

48 604800 2577185778 82 4096 48 4866

48 604800 4262406181 82 4096 48 4866

48 604800 2882974556 82 4096 48 4866

32 604800 3548550205 66 4096 32 4865

32 604800 1433200825 66 4096 32 4865

32 604800 2339829474 66 4096 32 4865

32 604800 2302638297 66 4096 32 4865

32 604800 1471619198 66 4096 32 4865
