
4865 325 1
32 604800 3548550205 66 4096 32 4865 369109739

4865 286 2
32 604800 1471619198 66 4096 32 4865 1882382531
32 604800 3548550205 66 4096 32 4865 399061229

4865 366 2
32 604800 1471619198 66 4096 32 4865 579407233
32 604800 3548550205 66 4096 32 4865 1954531320

4865 389 1
32 604800 2302638297 66 4096 32 4865 240744286

4865 292 2
32 604800 3548550205 66 4096 32 4865 598601423
32 604800 2339829474 66 4096 32 4865 301009164

4866 302 2
48 604800 4246260430 82 4096 48 4866 3748457631
48 604800 2577185778 82 4096 48 4866 56430375

4866 398 4
48 604800 2882974556 82 4096 48 4866 3982171161
48 604800 2057972380 82 4096 48 4866 3564583366
48 604800 2577185778 82 4096 48 4866 577129701
48 604800 4262406181 82 4096 48 4866 324456467

4866 232 2
48 604800 2882974556 82 4096 48 4866 2526126264
48 604800 2577185778 82 4096 48 4866 470162152

4866 283 5
48 604800 2882974556 82 4096 48 4866 2677987822
48 604800 2577185778 82 4096 48 4866 2781189269
48 604800 2057972380 82 4096 48 4866 256458743
48 604800 4246260430 82 4096 48 4866 689257489
48 604800 4262406181 82 4096 48 4866 1282308000

4866 305 3
48 604800 2577185778 82 4096 48 4866 238927347
48 604800 4262406181 82 4096 48 4866 461122908
48 604800 4246260430 82 4096 48 4866 838401180

4867 394 1
32 604800 3494250745 66 4096 32 4867 443493932

4867 228 2
32 604800 3494250745 66 4096 32 4867 366132199
32 604800 1307741461 66 4096 32 4867 216105866

4867 341 5
32 604800 1307741461 66 4096 32 4867 1377643579
32 604800 1085716614 66 4096 32 4867 394494874
32 604800 2872195131 66 4096 32 4867 4294715815
32 604800 2638858197 66 4096 32 4867 632204841
32 604800 3494250745 66 4096 32 4867 536544102

4867 238 3
32 604800 2872195131 66 4096 32 4867 451272160
32 604800 1307741461 66 4096 32 4867 4107150899
32 604800 2638858197 66 4096 32 4867 323608090

4867 310 2
32 604800 1307741461 66 4096 32 4867 52553123
32 604800 1085716614 66 4096 32 4867 1032076939
